Number of layers: 3
Input layer: 96 node
Hidden layer 0: 10 node
Output layer: 1 node
Layer 1:
{
-0.038518, 	0.007660, 	0.442013, 	0.108641, 	-0.328351, 	0.391845, 	0.220545, 	-0.372483, 	-0.344679, 	-0.468653, 	0.408822, 	-0.315053, 	0.398196, 	0.339715, 	-0.349276, 	-0.352212, 	0.346057, 	0.261302, 	-0.212828, 	0.046857, 	0.324538, 	0.139255, 	-0.184547, 	-0.242219, 	-0.509787, 	0.442063, 	-0.119096, 	0.259791, 	0.474123, 	0.210753, 	0.005320, 	0.301741, 	0.359077, 	-0.351455, 	0.028767, 	-0.271071, 	-0.238938, 	-0.202482, 	0.186495, 	0.316393, 	0.159279, 	0.082504, 	0.004095, 	-0.498416, 	-0.325371, 	0.306009, 	0.035374, 	0.252173, 	0.039833, 	-0.135347, 	-0.203704, 	0.361775, 	0.333966, 	-0.342063, 	-0.303154, 	-0.187762, 	-0.461985, 	-0.435441, 	0.203679, 	0.316612, 	0.385959, 	-0.088635, 	0.128573, 	-0.132713, 	-0.317717, 	-0.177924, 	0.051340, 	0.130810, 	0.431256, 	-0.121891, 	0.063877, 	-0.363136, 	-0.145527, 	0.020261, 	-0.192254, 	-0.132680, 	0.047849, 	-0.041288, 	-0.394827, 	-0.256314, 	-0.010109, 	0.241351, 	0.181756, 	-0.205030, 	-0.439358, 	0.040981, 	0.414139, 	-0.302949, 	-0.189336, 	0.234938, 	0.109825, 	0.199460, 	0.297588, 	-0.308600, 	-0.190671, 	0.226891, 	0.088563, 	
},
{
0.336671, 	0.197186, 	0.391492, 	-0.409714, 	0.054536, 	-0.245037, 	0.041989, 	-0.494176, 	0.162503, 	0.471342, 	-0.069336, 	0.221087, 	0.360132, 	0.359190, 	0.265732, 	-0.128159, 	0.459995, 	-0.177309, 	-0.191211, 	-0.245610, 	0.329847, 	0.484091, 	-0.488730, 	0.036756, 	-0.091540, 	-0.224687, 	-0.114612, 	0.271577, 	-0.323023, 	0.063686, 	-0.262725, 	-0.122213, 	-0.382062, 	-0.388535, 	0.420660, 	-0.146001, 	-0.182947, 	0.103622, 	0.324603, 	0.100129, 	-0.078286, 	0.126020, 	-0.331711, 	-0.408285, 	-0.373941, 	0.246404, 	0.307673, 	-0.415312, 	0.195808, 	0.073332, 	-0.296385, 	0.340158, 	0.416717, 	0.037831, 	-0.299533, 	0.406322, 	-0.131989, 	0.180699, 	0.289024, 	0.001903, 	-0.040865, 	-0.259570, 	-0.051436, 	0.469897, 	-0.454805, 	-0.191171, 	-0.127608, 	0.457313, 	-0.340088, 	-0.166764, 	-0.484906, 	-0.268402, 	0.197059, 	0.258028, 	-0.196228, 	0.184108, 	-0.116438, 	0.088698, 	-0.406911, 	0.135780, 	-0.398226, 	-0.354209, 	-0.480197, 	0.382726, 	0.346416, 	0.312630, 	-0.051633, 	0.057463, 	-0.258600, 	0.446003, 	-0.034844, 	-0.176493, 	-0.309244, 	-0.359877, 	-0.233786, 	0.478363, 	-0.443331, 	
},
{
-0.263138, 	0.237676, 	0.345585, 	0.159211, 	-0.376448, 	-0.019458, 	-0.299584, 	0.483522, 	-0.184763, 	-0.118718, 	-0.281896, 	0.324794, 	-0.345301, 	0.178396, 	-0.262757, 	0.414131, 	-0.300594, 	0.112624, 	-0.371950, 	0.178505, 	0.381343, 	0.153120, 	0.351540, 	-0.193099, 	0.331083, 	0.406315, 	-0.239883, 	-0.028886, 	0.385402, 	0.335316, 	-0.306995, 	-0.348220, 	-0.267514, 	-0.315051, 	0.023587, 	-0.169501, 	-0.026579, 	0.286417, 	0.402206, 	-0.316256, 	0.067758, 	0.201571, 	0.544935, 	0.157196, 	-0.410843, 	0.340356, 	-0.284151, 	-0.143050, 	-0.204759, 	0.144291, 	0.511690, 	0.053289, 	0.330214, 	-0.279112, 	-0.185183, 	-0.269622, 	-0.397743, 	-0.159244, 	-0.291679, 	0.341492, 	-0.181363, 	0.168009, 	-0.025081, 	0.314191, 	-0.404040, 	0.194638, 	-0.327158, 	0.233839, 	0.293001, 	0.285343, 	0.381136, 	0.279265, 	-0.318829, 	-0.266934, 	-0.460645, 	-0.479344, 	0.381824, 	-0.354224, 	0.495460, 	-0.409110, 	-0.254753, 	-0.158897, 	-0.088077, 	-0.070695, 	-0.056970, 	0.193782, 	0.238032, 	-0.247904, 	-0.421745, 	-0.178205, 	-0.650337, 	-0.387911, 	0.218962, 	-0.045252, 	0.476716, 	0.600108, 	0.362502, 	
},
{
-0.326469, 	0.240144, 	0.073618, 	0.019030, 	0.173352, 	0.380449, 	0.420294, 	-0.097581, 	0.475938, 	-0.437785, 	-0.242964, 	-0.467571, 	-0.077621, 	-0.223839, 	0.064156, 	0.065768, 	-0.404111, 	-0.273654, 	0.098179, 	0.045017, 	-0.161618, 	-0.215239, 	-0.157940, 	-0.155116, 	-0.221555, 	-0.335607, 	0.380949, 	0.034048, 	-0.398255, 	0.220084, 	-0.195531, 	-0.490361, 	-0.399043, 	0.244983, 	-0.002937, 	0.398469, 	0.445043, 	0.337731, 	-0.403260, 	0.219264, 	0.016536, 	-0.228624, 	0.111698, 	0.389885, 	0.376328, 	0.369864, 	-0.000657, 	0.411195, 	0.202727, 	0.126943, 	-0.399172, 	0.351575, 	0.329082, 	0.049940, 	0.101832, 	-0.105257, 	-0.115647, 	-0.596917, 	-0.467307, 	0.351745, 	0.329557, 	-0.243329, 	0.409221, 	0.207646, 	0.275290, 	-0.050347, 	-0.220677, 	-0.309420, 	-0.096764, 	0.363652, 	0.007482, 	-0.330499, 	-0.096762, 	0.352285, 	0.109557, 	0.363549, 	-0.483020, 	0.283590, 	-0.098599, 	0.142992, 	-0.350368, 	0.418093, 	-0.092929, 	-0.314738, 	-0.020368, 	-0.144568, 	-0.731071, 	-0.303226, 	0.835136, 	0.757394, 	0.422368, 	-0.020080, 	-0.056142, 	-0.414155, 	-0.182102, 	-0.271785, 	0.012845, 	
},
{
-0.188769, 	-0.036211, 	-0.210538, 	0.372510, 	-0.459584, 	0.188191, 	0.352973, 	0.111553, 	-0.340355, 	-0.270744, 	0.415424, 	-0.114748, 	-0.421308, 	-0.504593, 	-0.473715, 	0.145320, 	-0.135346, 	-0.135666, 	0.248266, 	0.299034, 	0.168162, 	-0.366532, 	-0.044461, 	-0.445058, 	0.634520, 	-0.228750, 	-0.655145, 	0.035251, 	-0.618800, 	-0.634009, 	0.176704, 	-0.211195, 	0.017565, 	0.471448, 	-0.140941, 	0.340972, 	0.346150, 	0.425444, 	0.337529, 	-0.183231, 	0.229649, 	-0.175297, 	-0.051019, 	-0.242043, 	-0.309186, 	0.399518, 	-0.086209, 	0.362461, 	0.300787, 	0.293840, 	-0.027594, 	0.544620, 	-0.127616, 	0.496799, 	-0.244196, 	0.137156, 	0.174034, 	-0.254952, 	0.757234, 	-0.270881, 	-0.398137, 	-0.189152, 	0.287008, 	0.171186, 	0.439928, 	-0.191595, 	-0.505552, 	0.078751, 	0.009112, 	0.146456, 	-0.529385, 	-0.509892, 	-0.377760, 	0.221455, 	-0.652910, 	-0.049280, 	-0.284851, 	0.356069, 	0.259872, 	-0.161973, 	0.030897, 	-0.290480, 	-0.540056, 	0.299227, 	0.378668, 	0.741314, 	1.276282, 	-0.380014, 	-1.216699, 	-0.363287, 	-0.496726, 	-0.195583, 	0.512089, 	0.282386, 	-0.003663, 	0.699930, 	0.565953, 	
},
{
0.293888, 	-0.032013, 	-0.084124, 	-0.321676, 	-0.129549, 	-0.452025, 	0.241844, 	0.082119, 	0.042914, 	0.348177, 	0.444669, 	-0.485207, 	-0.129900, 	-0.291902, 	0.122911, 	0.422139, 	0.303310, 	-0.252531, 	-0.335336, 	-0.429320, 	0.414036, 	0.231136, 	0.185318, 	0.263302, 	-0.052996, 	0.253568, 	0.149894, 	0.055899, 	-0.071128, 	-0.427000, 	-0.086178, 	-0.241581, 	0.342240, 	-0.391253, 	-0.374757, 	-0.181390, 	0.217058, 	0.435158, 	-0.086602, 	0.326978, 	0.304307, 	0.105859, 	-0.183250, 	-0.296042, 	0.056637, 	0.289409, 	0.381691, 	0.272668, 	-0.160634, 	0.435149, 	0.056627, 	-0.525742, 	0.337002, 	0.068842, 	0.197126, 	0.201029, 	-0.215069, 	-0.253020, 	0.054501, 	0.009399, 	-0.317397, 	0.203399, 	-0.089479, 	-0.296682, 	-0.087031, 	0.203376, 	-0.194730, 	-0.405206, 	-0.425293, 	-0.400129, 	-0.174285, 	0.506380, 	-0.260526, 	-0.349552, 	0.394680, 	0.312764, 	-0.503715, 	-0.312982, 	0.271893, 	-0.202978, 	0.027879, 	-0.082535, 	-0.204110, 	0.234841, 	-0.135812, 	-0.147246, 	-0.197674, 	-0.115597, 	0.620104, 	0.000955, 	0.612277, 	0.059639, 	0.290213, 	-0.578765, 	0.036628, 	-0.094244, 	0.040917, 	
},
{
0.217872, 	0.050413, 	0.044066, 	-0.340826, 	-0.224640, 	-0.161790, 	0.064264, 	-0.265889, 	0.439713, 	0.376585, 	0.316330, 	0.232152, 	-0.053430, 	-0.055785, 	0.447821, 	0.127264, 	-0.036129, 	0.048414, 	-0.049761, 	-0.400099, 	-0.316102, 	-0.400832, 	0.100616, 	0.175366, 	-0.297775, 	0.286817, 	-0.431203, 	0.268292, 	-0.272541, 	0.197711, 	0.067375, 	-0.258068, 	-0.060781, 	0.368200, 	0.483283, 	-0.162663, 	0.099377, 	-0.441321, 	0.257929, 	-0.062422, 	0.032392, 	0.499534, 	-0.127675, 	-0.221464, 	0.332203, 	0.327005, 	-0.497368, 	-0.389495, 	0.473620, 	0.441992, 	-0.057699, 	0.457968, 	-0.371173, 	0.140486, 	0.420227, 	-0.125756, 	0.063443, 	-0.408764, 	0.213805, 	-0.002504, 	0.249451, 	0.353787, 	-0.123770, 	-0.290645, 	-0.166625, 	0.068954, 	0.417000, 	0.045121, 	0.248057, 	-0.477875, 	0.013366, 	-0.011151, 	-0.085616, 	-0.213503, 	0.455760, 	0.383449, 	-0.213121, 	0.278535, 	-0.048342, 	0.048046, 	0.315870, 	-0.018112, 	-0.136670, 	0.256245, 	0.355242, 	0.134544, 	-0.005142, 	0.092315, 	0.338010, 	-0.356520, 	0.328614, 	0.277696, 	0.277462, 	-0.154801, 	0.221588, 	0.084441, 	0.141690, 	
},
{
-0.425363, 	0.375114, 	-0.383455, 	0.144139, 	-0.098442, 	-0.190780, 	0.436488, 	0.324930, 	0.379191, 	0.476987, 	-0.356934, 	0.476859, 	0.310985, 	0.300464, 	-0.135761, 	0.075795, 	-0.258050, 	0.295716, 	0.081902, 	-0.481871, 	-0.112016, 	0.037170, 	0.422816, 	0.436282, 	0.418692, 	0.464720, 	-0.188958, 	0.258054, 	-0.297243, 	-0.398024, 	-0.015087, 	0.013503, 	-0.070716, 	0.216421, 	-0.411878, 	0.287298, 	-0.216200, 	-0.096325, 	0.049328, 	-0.390297, 	-0.103161, 	-0.268438, 	-0.161549, 	0.105434, 	-0.187442, 	-0.150661, 	-0.298019, 	0.440827, 	0.293058, 	0.183544, 	-0.269912, 	0.271552, 	0.107465, 	-0.292746, 	-0.355709, 	-0.020964, 	-0.061900, 	0.343334, 	0.246888, 	0.002094, 	-0.411550, 	0.000477, 	0.371849, 	0.449619, 	0.089927, 	-0.177676, 	0.395029, 	0.451736, 	-0.066008, 	0.112780, 	0.483210, 	-0.129638, 	0.097717, 	0.002497, 	-0.339935, 	-0.321992, 	-0.126176, 	0.456014, 	0.101089, 	-0.136954, 	0.331070, 	0.474144, 	0.395230, 	0.102089, 	-0.462014, 	0.307566, 	0.452737, 	-0.087226, 	0.003111, 	0.183796, 	0.454735, 	-0.280362, 	0.012426, 	0.153484, 	0.388688, 	0.422302, 	0.473253, 	
},
{
0.372098, 	0.030364, 	-0.151582, 	-0.075334, 	-0.068809, 	0.454691, 	0.176532, 	0.037707, 	0.286837, 	0.416244, 	-0.328611, 	0.428129, 	-0.320258, 	-0.320436, 	-0.228182, 	-0.093260, 	0.377850, 	-0.081205, 	0.005586, 	-0.287483, 	-0.344325, 	-0.425764, 	0.284596, 	-0.054631, 	-0.488682, 	0.171535, 	0.275123, 	0.514488, 	0.607930, 	0.192901, 	-0.291731, 	-0.287267, 	-0.147770, 	0.052096, 	0.110996, 	0.112435, 	-0.487736, 	-0.295194, 	0.416249, 	0.143046, 	-0.282920, 	-0.251255, 	-0.204776, 	0.001393, 	-0.395052, 	0.025414, 	0.370260, 	0.224432, 	0.013211, 	0.347608, 	0.048616, 	-0.384472, 	0.061853, 	-0.457690, 	-0.189819, 	0.138909, 	0.350387, 	-0.046751, 	-0.063087, 	0.267037, 	-0.270534, 	-0.275222, 	0.183686, 	-0.262026, 	-0.315678, 	-0.319317, 	0.436719, 	-0.187907, 	-0.145441, 	0.190094, 	-0.381774, 	0.198095, 	-0.180085, 	0.366328, 	-0.260280, 	0.370407, 	0.321727, 	-0.087354, 	0.127376, 	0.229131, 	0.294846, 	0.069244, 	0.492481, 	-0.238561, 	0.000679, 	-0.924987, 	-1.010823, 	0.613586, 	1.032136, 	0.698080, 	1.003352, 	0.313237, 	-0.169819, 	-0.680051, 	-0.635756, 	-0.213982, 	-0.289924, 	
},
{
0.297811, 	-0.026644, 	-0.340277, 	0.141924, 	-0.400634, 	0.471318, 	-0.217512, 	-0.382547, 	-0.319698, 	-0.398178, 	-0.450330, 	0.246250, 	0.167074, 	-0.005347, 	0.343062, 	0.362896, 	-0.134155, 	-0.035094, 	-0.388757, 	0.303192, 	-0.408820, 	0.429552, 	-0.079206, 	-0.447733, 	0.362571, 	-0.195071, 	-0.288449, 	-0.405809, 	-0.252624, 	0.403899, 	-0.081085, 	-0.271492, 	0.005722, 	-0.262651, 	-0.481566, 	-0.343012, 	-0.251293, 	-0.418212, 	0.330808, 	0.056407, 	0.313241, 	-0.222134, 	-0.437180, 	0.429882, 	0.228597, 	-0.034394, 	-0.059373, 	0.222479, 	-0.097523, 	0.221718, 	-0.202177, 	0.063443, 	-0.019953, 	-0.443531, 	-0.137170, 	0.143991, 	0.390444, 	0.403385, 	-0.236088, 	0.127124, 	0.373905, 	0.018475, 	0.127028, 	0.095630, 	-0.391422, 	-0.011510, 	-0.113013, 	0.201486, 	-0.387953, 	-0.377962, 	0.319869, 	-0.137923, 	0.190183, 	-0.257692, 	0.324310, 	-0.177760, 	0.037446, 	0.041188, 	0.466604, 	-0.159408, 	-0.360879, 	0.282553, 	-0.187890, 	-0.361205, 	-0.086227, 	-0.329100, 	-0.148878, 	0.528461, 	0.530973, 	0.178613, 	0.082441, 	-0.373289, 	-0.097603, 	-0.103721, 	-0.233216, 	0.055517, 	0.296680, 	
},
Layer 2:
{
-0.060868, 	-0.111433, 	-0.050710, 	0.754296, 	-0.988262, 	2.452505, 	-0.735766, 	-0.363923, 	0.314932, 	-2.333351, 	-0.609641, 	
},
